0,1,1,2,1
1,1,2,2,2
2,1,3,2,3
3,3,1,4,1
4,3,2,4,2
5,3,3,4,3
6,5,1,6,1
7,5,2,6,2
8,5,3,6,3
9,7,1,8,1
10,7,2,8,2
11,7,3,8,3
12,9,1,10,1
13,9,2,10,2
14,9,3,10,3
15,11,1,12,1
16,11,2,12,2
17,11,3,12,3
18,13,1,14,1
19,13,2,14,2
20,15,1,16,1
21,15,2,16,2
22,15,3,16,3
23,17,1,18,1
24,17,2,18,2
25,17,3,18,3
26,19,1,20,1
27,19,2,20,2
28,21,1,22,1
29,21,2,22,2
30,21,3,22,3
31,23,1,24,1
32,23,2,24,2
33,23,3,24,3
34,25,1,26,1
35,25,2,26,2
36,25,3,26,3
37,27,1,28,1
38,27,2,28,2
39,27,3,28,3
40,29,1,30,1
41,29,2,30,2
42,29,3,30,3
43,31,1,32,1
44,31,2,32,2
45,31,3,32,3
46,33,1,34,1
47,33,2,34,2
48,33,3,34,3
49,35,1,36,1
50,35,2,36,2
51,35,3,36,3
52,37,1,38,1
53,37,2,38,2
54,37,3,38,3
55,39,1,40,1
56,39,2,40,2
57,39,3,40,3
58,41,1,42,1
59,41,2,42,2
60,41,3,42,3
61,43,1,44,1
62,43,2,44,2
63,43,3,44,3
64,45,1,46,1
65,45,2,46,2
66,45,3,46,3
67,47,1,48,1
68,47,2,48,2
69,47,3,48,3
70,49,1,50,1
71,49,2,50,2
72,51,1,52,1
73,51,2,52,2
74,51,3,52,3
75,53,1,54,1
76,53,2,54,2
77,53,3,54,3
78,55,1,56,1
79,55,2,56,2
80,57,1,58,1
81,57,2,58,2
82,57,3,58,3
83,59,1,60,1
84,59,2,60,2
85,59,3,60,3
86,61,1,62,1
87,61,2,62,2
88,61,3,62,3
89,63,1,64,1
90,63,2,64,2
91,63,3,64,3
92,65,1,66,1
93,65,2,66,2
94,65,3,66,3
95,67,1,68,1
96,67,2,68,2
97,67,3,68,3
98,69,1,70,1
99,69,2,70,2
100,69,3,70,3
101,71,1,72,1
102,71,2,72,2
103,71,3,72,3
104,73,1
105,73,2
106,73,3
107,74,1
108,74,2
109,74,3
110,75,1
111,75,2
112,75,3
113,76,1
114,76,2
115,76,3
116,77,1
117,77,2
118,77,3
119,78,1
120,78,2
121,78,3
122,79,1
123,79,2
124,79,3
125,80,1
126,80,2
127,80,3
128,81,1
129,81,2
130,81,3
131,82,1
132,82,2
133,82,3
134,83,1
135,83,2
136,83,3
137,84,1
138,84,2
139,84,3
140,85,1
141,85,2
142,85,3
143,86,1
144,87,1
145,88,1
146,89,1
147,86,2
148,87,2
149,88,2
150,89,2
151,86,3
152,87,3
153,88,3
154,89,3
155,90,1
156,91,1
157,92,1
158,93,1
159,90,2
160,91,2
161,92,2
162,93,2
163,90,3
164,91,3
165,92,3
166,93,3
167,94,1
168,95,1
169,96,1
170,97,1
171,98,1
172,99,1
173,100,1
174,101,1
175,102,1
176,103,1
177,104,1
178,105,1
179,106,1
180,107,1
181,108,1
182,109,1
183,110,1
184,111,1
185,112,1
186,113,1
187,114,1
188,115,1
189,116,1
190,117,1
191,118,1
192,119,1
193,120,1
194,121,1
195,122,1
196,123,1
197,124,1
198,125,1
199,126,1
200,127,1
201,128,1
202,129,1
203,130,1
204,131,1
205,132,1
206,133,1
207,134,1
208,135,1
209,136,1
210,137,1
211,138,1
212,139,1
213,140,1
214,141,1
215,142,1
216,143,1
217,144,1
218,145,1
219,146,1
220,147,1
221,148,1
222,149,1
223,150,1
224,151,1
225,152,1
226,153,1
227,154,1
228,155,1
229,156,1
230,157,1
231,158,1
232,159,1
233,160,1
234,161,1
235,162,1
236,163,1
237,164,1
238,165,1
239,166,1
240,167,1
241,168,1
242,169,1
243,170,1
244,171,1
245,172,1
246,173,1
247,174,1
248,175,1
249,176,1
250,177,1
251,178,1
252,179,1
253,180,1
254,181,1
255,182,1
256,183,1
257,184,1
258,185,1
259,186,1
260,187,1
261,188,1
262,189,1
263,190,1
264,191,1
265,192,1
266,193,1
267,194,1
268,195,1
269,196,1
270,197,1
271,198,1
272,199,1
273,200,1
274,201,1
275,202,1
276,203,1
277,204,1
278,205,1
279,206,1
280,207,1
281,208,1
282,209,1
283,210,1
284,211,1
285,212,1
286,213,1
287,214,1
288,215,1
289,216,1
290,217,1
291,218,1
292,219,1
293,220,1
294,221,1
295,222,1
296,223,1
297,224,1
298,225,1
299,226,1
300,227,1
301,228,1
302,229,1
303,230,1
304,231,1
